../data2/12/part/0.jpg -1 0.13 -0.36 0.18 -0.07
../data2/12/part/1.jpg -1 0.06 0.15 -0.12 0.16
../data2/12/part/2.jpg -1 -0.22 0.08 -0.12 0.43
../data2/12/part/3.jpg -1 0.09 -0.11 -0.17 -0.20
../data2/12/part/4.jpg -1 -0.15 -0.29 -0.17 -0.09
../data2/12/part/5.jpg -1 0.18 -0.08 -0.07 -0.16
../data2/12/part/6.jpg -1 -0.08 -0.01 0.13 0.47
../data2/12/part/7.jpg -1 -0.15 0.09 -0.06 0.42
../data2/12/part/8.jpg -1 0.22 0.05 -0.09 -0.10
../data2/12/part/9.jpg -1 0.06 0.18 -0.21 0.07
../data2/12/part/10.jpg -1 0.16 0.12 -0.12 0.00
../data2/12/part/11.jpg -1 0.02 -0.29 0.19 0.14
../data2/12/part/12.jpg -1 -0.30 -0.22 -0.09 0.26
../data2/12/part/13.jpg -1 0.18 -0.07 -0.11 -0.20
../data2/12/part/14.jpg -1 -0.31 -0.26 -0.12 0.20
../data2/12/part/15.jpg -1 0.17 0.11 0.12 0.33
../data2/12/part/16.jpg -1 -0.22 -0.44 -0.01 0.11
../data2/12/part/17.jpg -1 -0.01 -0.13 0.22 0.46
../data2/12/part/18.jpg -1 0.11 -0.28 0.21 0.15
../data2/12/part/19.jpg -1 -0.04 -0.09 0.08 0.35
../data2/12/part/20.jpg -1 0.05 0.11 -0.05 0.27
../data2/12/part/21.jpg -1 0.06 -0.17 -0.13 -0.12
../data2/12/part/22.jpg -1 0.06 -0.00 0.23 0.51
../data2/12/part/23.jpg -1 0.16 -0.19 -0.05 -0.16
../data2/12/part/24.jpg -1 -0.34 -0.28 -0.12 0.30
../data2/12/part/25.jpg -1 0.01 0.19 -0.28 0.10
../data2/12/part/26.jpg -1 -0.15 -0.48 0.00 0.01
../data2/12/part/27.jpg -1 0.14 -0.23 0.23 0.18
../data2/12/part/28.jpg -1 0.12 -0.32 0.10 -0.06
../data2/12/part/29.jpg -1 0.14 -0.00 -0.16 -0.10
../data2/12/part/30.jpg -1 0.16 0.02 0.25 0.37
../data2/12/part/31.jpg -1 0.18 0.21 -0.17 0.02
../data2/12/part/32.jpg -1 0.18 0.17 -0.17 -0.02
../data2/12/part/33.jpg -1 0.17 0.17 -0.20 -0.06
../data2/12/part/34.jpg -1 -0.17 -0.18 -0.09 0.17
../data2/12/part/35.jpg -1 0.18 0.05 -0.17 -0.14
../data2/12/part/36.jpg -1 -0.25 -0.26 -0.09 0.18
../data2/12/part/37.jpg -1 0.19 0.01 -0.14 -0.15
../data2/12/part/38.jpg -1 0.19 0.01 -0.14 -0.15
../data2/12/part/39.jpg -1 0.07 0.15 -0.20 0.07
../data2/12/part/40.jpg -1 0.27 0.14 -0.05 -0.02
../data2/12/part/41.jpg -1 0.16 -0.13 -0.06 -0.17
../data2/12/part/42.jpg -1 0.11 0.19 -0.19 0.07
../data2/12/part/43.jpg -1 0.11 0.23 -0.19 0.11
../data2/12/part/44.jpg -1 0.14 -0.21 0.14 -0.09
../data2/12/part/45.jpg -1 0.14 -0.21 0.14 -0.09
../data2/12/part/46.jpg -1 0.18 -0.14 0.13 -0.08
../data2/12/part/47.jpg -1 0.05 0.27 -0.23 0.06
../data2/12/part/48.jpg -1 0.19 0.06 -0.07 -0.11
../data2/12/part/49.jpg -1 0.23 -0.13 0.13 -0.13
../data2/12/part/50.jpg -1 0.13 0.19 0.08 0.25
../data2/12/part/51.jpg -1 0.13 0.02 -0.18 -0.22
../data2/12/part/52.jpg -1 0.16 0.22 0.02 0.18
../data2/12/part/53.jpg -1 -0.02 0.23 -0.17 0.09
../data2/12/part/54.jpg -1 0.21 0.11 0.03 -0.07
../data2/12/part/55.jpg -1 -0.27 -0.13 -0.01 0.13
../data2/12/part/56.jpg -1 0.09 -0.24 0.34 0.01
../data2/12/part/57.jpg -1 0.20 0.11 -0.01 -0.11
../data2/12/part/58.jpg -1 0.17 0.23 -0.01 0.04
../data2/12/part/59.jpg -1 -0.18 0.09 -0.11 0.16
../data2/12/part/60.jpg -1 -0.15 0.05 0.11 0.30
../data2/12/part/61.jpg -1 0.25 0.26 0.07 0.08
../data2/12/part/62.jpg -1 0.02 0.16 -0.17 -0.20
../data2/12/part/63.jpg -1 0.17 0.09 -0.02 -0.27
../data2/12/part/64.jpg -1 -0.15 -0.15 0.14 -0.14
../data2/12/part/65.jpg -1 0.12 0.16 0.16 -0.02
../data2/12/part/66.jpg -1 0.08 -0.09 0.30 -0.13
../data2/12/part/67.jpg -1 0.20 0.24 0.02 -0.13
../data2/12/part/68.jpg -1 0.19 0.23 0.10 -0.06
../data2/12/part/69.jpg -1 0.23 0.19 0.02 -0.19
../data2/12/part/70.jpg -1 0.10 0.09 0.47 0.16
../data2/12/part/71.jpg -1 0.14 0.14 0.02 -0.18
../data2/12/part/72.jpg -1 0.24 0.09 0.05 -0.27
../data2/12/part/73.jpg -1 0.08 0.16 -0.16 -0.16
../data2/12/part/74.jpg -1 -0.32 -0.11 0.05 0.12
../data2/12/part/75.jpg -1 0.23 0.20 -0.01 -0.12
../data2/12/part/76.jpg -1 -0.39 -0.18 -0.01 0.05
../data2/12/part/77.jpg -1 0.01 0.12 -0.23 -0.19
../data2/12/part/78.jpg -1 -0.05 0.09 0.24 0.23
../data2/12/part/79.jpg -1 -0.14 0.21 -0.15 0.08
../data2/12/part/80.jpg -1 -0.12 -0.24 0.25 -0.02
../data2/12/part/81.jpg -1 0.01 -0.23 0.30 -0.08
../data2/12/part/82.jpg -1 0.21 -0.03 0.24 -0.11
../data2/12/part/83.jpg -1 0.23 -0.03 0.17 -0.19
../data2/12/part/84.jpg -1 0.04 0.13 -0.16 -0.16
../data2/12/part/85.jpg -1 -0.39 -0.18 -0.01 0.05
../data2/12/part/86.jpg -1 0.20 0.07 0.00 -0.17
../data2/12/part/87.jpg -1 0.22 0.17 0.00 -0.10
../data2/12/part/88.jpg -1 0.16 0.24 -0.03 0.00
../data2/12/part/89.jpg -1 0.12 0.24 -0.10 -0.03
../data2/12/part/90.jpg -1 -0.15 0.14 -0.09 0.14
../data2/12/part/91.jpg -1 -0.01 0.00 -0.20 -0.24
../data2/12/part/92.jpg -1 0.09 0.05 0.25 0.15
../data2/12/part/93.jpg -1 -0.09 -0.04 -0.16 -0.16
../data2/12/part/94.jpg -1 -0.28 0.11 -0.05 0.26
../data2/12/part/95.jpg -1 0.19 0.16 0.12 0.04
../data2/12/part/96.jpg -1 0.13 -0.11 -0.25 -0.17
../data2/12/part/97.jpg -1 0.17 0.16 -0.31 -0.05
../data2/12/part/98.jpg -1 0.20 0.13 -0.27 -0.08
../data2/12/part/99.jpg -1 0.25 0.16 -0.11 0.14
